0.02215448     0.00011613     0.00304038     0.00124183     0.00225694   H0
0.05843411     0.00027359     0.00639228     0.00229215     0.00961727   H1
0.00501513     0.00004791     0.00199575     0.00080335     0.00852249   H2
1.06805094     0.00011496     0.00191794     0.00080660     0.00203379   N0
0.46132320     0.00005213     0.00134332     0.00052252     0.00144985   N1
2.08945792     0.00009955     0.00241466     0.00129696     0.00244885   N2
0.13249825     0.00013589     0.00377204     0.00150262     0.00255868   F0
0.01529737     0.00008803     0.00299397     0.00110850     0.00147197   F1
0.04253357     0.00013777     0.00344737     0.00187782     0.00228906   F2
0.01223194     0.00014336     0.00459041     0.00214902     0.00746528   H0
0.01288983     0.00008361     0.00282388     0.00112800     0.00361382   H1
0.00115994     0.00007813     0.00257227     0.00103020     0.00544444   H2
1.15740813     0.00010589     0.00355388     0.00145393     0.00054621   N0
0.51449887     0.00008381     0.00290191     0.00105046     0.00197568   N1
2.14287433     0.00010438     0.00278180     0.00143771     0.00188133   N2
0.01000919     0.00001653     0.00122934     0.00046419     0.00055912   F0
0.03317364     0.00005211     0.00203939     0.00076073     0.00136246   F1
0.09651909     0.00010387     0.00232084     0.00096969     0.00226632   F2
0.02875651     0.00015987     0.00414343     0.00179073     0.00670148   H0
0.00417784     0.00003688     0.00245896     0.00095604     0.00163615   H1
0.00891075     0.00007373     0.00287205     0.00119271     0.00139560   H2
1.22653352     0.00011168     0.00299385     0.00122268     0.00271936   N0
0.52245733     0.00014616     0.00263107     0.00094051     0.00106181   N1
2.14979975     0.00008043     0.00165981     0.00069791     0.00018076   N2
0.04744622     0.00009569     0.00300362     0.00124058     0.00272441   F0
0.03084139     0.00018308     0.00273773     0.00116316     0.00053992   F1
0.10205777     0.00011992     0.00319458     0.00121076     0.00050131   F2
0.01107409     0.00013436     0.00349061     0.00137367     0.00399306   H0
0.07631210     0.00045490     0.00835831     0.00342923     0.01122149   H1
0.00656386     0.00009505     0.00336501     0.00122213     0.00901782   H2
1.12612801     0.00007721     0.00342554     0.00152133     0.00230502   N0
0.52108249     0.00013830     0.00333639     0.00123605     0.00092312   N1
1.78617440     0.00015382     0.00210174     0.00081540     0.00180784   N2
0.09075797     0.00018729     0.00591751     0.00291859     0.00357802   F0
0.02959747     0.00014798     0.00360574     0.00138192     0.00135832   F1
0.19604238     0.00022969     0.00504159     0.00230217     0.00150783   F2
0.02826653     0.00032942     0.00701474     0.00306280     0.01258291   H0
0.02451004     0.00010918     0.00358265     0.00143350     0.00519952   H1
0.01728453     0.00008729     0.00343642     0.00151098     0.00901782   H2
1.12029766     0.00009424     0.00330178     0.00141805     0.00342967   N0
0.44916571     0.00008586     0.00286213     0.00104630     0.00193969   N1
2.19678539     0.00010486     0.00193826     0.00085579     0.00223481   N2
0.03821368     0.00011040     0.00326071     0.00147600     0.00326128   F0
0.02923698     0.00005379     0.00243201     0.00098034     0.00222008   F1
0.17857526     0.00010675     0.00214437     0.00086220     0.00228334   F2
0.02406721     0.00015303     0.00359632     0.00139375     0.00685151   H0
0.05510716     0.00025897     0.00614265     0.00287261     0.01234062   H1
0.01399616     0.00014214     0.00474040     0.00182387     0.00782131   H2
1.22361519     0.00013540     0.00348651     0.00134787     0.00098736   N0
0.43356866     0.00010236     0.00257595     0.00088194     0.00224326   N1
1.91349370     0.00021929     0.00449181     0.00212686     0.00426245   N2
0.04811897     0.00008516     0.00322988     0.00131131     0.00113228   F0
0.06326938     0.00007572     0.00219339     0.00080133     0.00172753   F1
0.17050794     0.00025599     0.00501263     0.00203266     0.00493033   F2
0.02027928     0.00016684     0.00320515     0.00138065     0.00118802   H0
0.03546865     0.00007522     0.00299640     0.00146293     0.01079613   H1
0.01259394     0.00008742     0.00379150     0.00167390     0.00866738   H2
1.18331774     0.00001929     0.00145637     0.00075978     0.00190476   N0
0.45512725     0.00007971     0.00276140     0.00114480     0.00198888   N1
1.99722317     0.00010992     0.00341002     0.00157162     0.00186321   N2
0.03762796     0.00009323     0.00390750     0.00188599     0.00284601   F0
0.03831960     0.00008610     0.00243242     0.00091507     0.00229359   F1
0.01994912     0.00016765     0.00473674     0.00257646     0.00241539   F2
0.02225588     0.00018804     0.00461709     0.00227924     0.00940720   H0
0.00901179     0.00004125     0.00216994     0.00109228     0.00281884   H1
0.01030465     0.00008188     0.00299374     0.00125446     0.00734595   H2
1.20237132     0.00008004     0.00277529     0.00131378     0.00151304   N0
0.53044232     0.00009180     0.00259115     0.00109237     0.00339957   N1
1.89880524     0.00015056     0.00216081     0.00098141     0.00065024   N2
0.03543657     0.00007920     0.00359552     0.00139940     0.00158248   F0
0.05939719     0.00006376     0.00213492     0.00076050     0.00263209   F1
0.06600725     0.00011435     0.00201043     0.00077019     0.00020651   F2
