0.00488513     0.00002470     0.00144756     0.00054624     0.00000000     0.00006690   H0
0.01846769     0.00003103     0.00167912     0.00075800     0.00235542     0.00007204   H1
0.00330084     0.00002750     0.00160347     0.00058135     0.00000000     0.00007141   H2
1.15099580     0.00002748     0.00198305     0.00081701     0.00099666     0.00007543   N0
0.49737570     0.00005473     0.00257499     0.00110368     0.00123032     0.00007485   N1
1.98265250     0.00002050     0.00101191     0.00049067     0.00079386     0.00007604   N2
0.01264851     0.00002888     0.00176712     0.00070561     0.00058289   F0
0.01367110     0.00002568     0.00127103     0.00051953     0.00124145   F1
0.02517038     0.00002698     0.00170807     0.00075763     0.00088972   F2
0.00166943     0.00001176     0.00124466     0.00054171     0.00000000     0.00006695   H0
0.00357661     0.00001281     0.00105562     0.00043087     0.00163615     0.00007193   H1
0.00358086     0.00001164     0.00116333     0.00042588     0.00000000     0.00007148   H2
1.19397715     0.00002311     0.00123943     0.00049418     0.00026079     0.00007547   N0
0.49076300     0.00006387     0.00211797     0.00072447     0.00099300     0.00007488   N1
2.03267338     0.00006429     0.00192427     0.00091251     0.00124829     0.00007611   N2
0.02416136     0.00001575     0.00105023     0.00042149     0.00062440   F0
0.00707685     0.00005561     0.00175366     0.00067506     0.00106325   F1
0.01398393     0.00003399     0.00179200     0.00091289     0.00132574   F2
0.00135127     0.00001806     0.00111537     0.00047598     0.00399306     0.00006697   H0
0.00330578     0.00002912     0.00182164     0.00070120     0.00289391     0.00007195   H1
0.00695114     0.00002141     0.00150278     0.00053371     0.00000000     0.00007151   H2
1.20178808     0.00004209     0.00190518     0.00073308     0.00071753     0.00007551   N0
0.48875701     0.00005295     0.00222798     0.00084684     0.00107091     0.00007489   N1
2.01192823     0.00007154     0.00177079     0.00076504     0.00056458     0.00007609   N2
0.03294867     0.00002751     0.00173307     0.00063003     0.00110879   F0
0.00766742     0.00006009     0.00236400     0.00089852     0.00192315   F1
0.03258858     0.00003500     0.00195905     0.00092997     0.00099675   F2
0.00874915     0.00002992     0.00152663     0.00057693     0.00399306     0.00006685   H0
0.00434033     0.00005529     0.00222016     0.00089453     0.00418619     0.00007193   H1
0.00142045     0.00003762     0.00172922     0.00069063     0.00754568     0.00007138   H2
1.16170661     0.00004737     0.00193052     0.00084805     0.00173266     0.00007548   N0
0.49220825     0.00004156     0.00178745     0.00069537     0.00093774     0.00007489   N1
2.00689763     0.00005287     0.00198586     0.00085066     0.00074706     0.00007606   N2
0.01383042     0.00001540     0.00153205     0.00073110     0.00132586   F0
0.00907544     0.00001815     0.00133351     0.00048607     0.00091376   F1
0.00828059     0.00004248     0.00176995     0.00077326     0.00043836   F2
0.01006540     0.00004423     0.00181410     0.00073010     0.00399306     0.00006686   H0
0.00407936     0.00002530     0.00165153     0.00064141     0.00169441     0.00007192   H1
0.00539223     0.00006036     0.00247711     0.00098426     0.00896220     0.00007133   H2
1.17994888     0.00002327     0.00161104     0.00064525     0.00114952     0.00007549   N0
0.49917641     0.00006319     0.00257511     0.00121903     0.00208933     0.00007489   N1
2.04026976     0.00002655     0.00149575     0.00066745     0.00046489     0.00007604   N2
0.01689332     0.00002777     0.00212526     0.00103428     0.00171249   F0
0.01443219     0.00005031     0.00222978     0.00087984     0.00150362   F1
0.00985851     0.00001219     0.00091170     0.00033763     0.00058788   F2
0.00158867     0.00001430     0.00130114     0.00048357     0.00000000     0.00006682   H0
0.01119109     0.00003389     0.00195329     0.00074326     0.00163615     0.00007202   H1
0.00715504     0.00002691     0.00164854     0.00065989     0.00139001     0.00007137   H2
1.14003039     0.00003076     0.00183388     0.00075200     0.00166407     0.00007539   N0
0.50056605     0.00003981     0.00200694     0.00094293     0.00063145     0.00007487   N1
1.99229438     0.00002989     0.00123968     0.00059212     0.00100347     0.00007601   N2
0.02876822     0.00003741     0.00167058     0.00058936     0.00071200   F0
0.02033524     0.00001928     0.00121604     0.00047871     0.00052113   F1
0.02335164     0.00002829     0.00190299     0.00095085     0.00105718   F2
0.00070334     0.00001106     0.00097197     0.00037136     0.00000000     0.00006685   H0
0.01246943     0.00003227     0.00191515     0.00074493     0.00163615     0.00007202   H1
0.00708606     0.00003380     0.00183838     0.00073727     0.00139001     0.00007137   H2
1.13847531     0.00002329     0.00161967     0.00065702     0.00158733     0.00007538   N0
0.50574548     0.00003158     0.00159224     0.00075419     0.00091671     0.00007489   N1
2.00352207     0.00002908     0.00135970     0.00069327     0.00095656     0.00007602   N2
0.03259723     0.00004089     0.00196382     0.00066086     0.00060591   F0
0.02317154     0.00001950     0.00093009     0.00037645     0.00033830   F1
0.01691939     0.00002502     0.00187922     0.00095160     0.00121209   F2
0.01207526     0.00006016     0.00275077     0.00135042     0.00000000     0.00006699   H0
0.01161854     0.00003520     0.00184830     0.00070977     0.00611701     0.00007202   H1
0.00835796     0.00002735     0.00157373     0.00060172     0.00553552     0.00007147   H2
1.18286957     0.00004866     0.00226019     0.00118660     0.00156076     0.00007546   N0
0.46454547     0.00002033     0.00106948     0.00039968     0.00226669     0.00007486   N1
2.02017837     0.00002050     0.00100236     0.00040158     0.00043348     0.00007606   N2
0.01467371     0.00004120     0.00235613     0.00115785     0.00232489   F0
0.01871433     0.00003093     0.00179287     0.00064765     0.00094531   F1
0.01334864     0.00002732     0.00166721     0.00075549     0.00036695   F2
0.01009389     0.00002467     0.00160140     0.00055314     0.00399306     0.00006685   H0
0.00445635     0.00005595     0.00240016     0.00088868     0.00418619     0.00007195   H1
0.00218736     0.00004141     0.00204058     0.00078003     0.00611111     0.00007139   H2
1.16020567     0.00004802     0.00219296     0.00085124     0.00190729     0.00007548   N0
0.49313182     0.00004679     0.00200952     0.00079525     0.00098530     0.00007487   N1
2.02976480     0.00004017     0.00140273     0.00061889     0.00077863     0.00007605   N2
0.01388566     0.00002463     0.00191731     0.00097115     0.00183872   F0
0.00608578     0.00002632     0.00164202     0.00062274     0.00108660   F1
0.01323710     0.00003610     0.00161862     0.00075283     0.00054738   F2
0.00177785     0.00006684     0.00221303     0.00080644     0.00212665     0.00006692   H0
0.00675049     0.00002959     0.00167699     0.00066239     0.00233896     0.00007188   H1
0.00431267     0.00004925     0.00231332     0.00088132     0.00896220     0.00007136   H2
1.18658226     0.00003533     0.00162966     0.00059408     0.00087593     0.00007547   N0
0.49249491     0.00006302     0.00274916     0.00144295     0.00212119     0.00007492   N1
2.08793442     0.00005298     0.00151685     0.00065391     0.00082552     0.00007608   N2
0.01741157     0.00003400     0.00181218     0.00075598     0.00069810   F0
0.01274766     0.00004293     0.00216784     0.00108434     0.00210280   F1
0.03599098     0.00002321     0.00141592     0.00061758     0.00081129   F2
0.00559099     0.00002715     0.00188532     0.00076825     0.00608213     0.00006691   H0
0.00278196     0.00002320     0.00194847     0.00072734     0.00402245     0.00007195   H1
0.00609513     0.00001962     0.00135929     0.00059198     0.00611111     0.00007139   H2
1.17909165     0.00003406     0.00219201     0.00088241     0.00081588     0.00007547   N0
0.48003723     0.00006483     0.00172533     0.00063560     0.00079299     0.00007487   N1
2.00848103     0.00007785     0.00172196     0.00071466     0.00047234     0.00007609   N2
0.01661929     0.00002999     0.00206825     0.00089416     0.00135213   F0
0.00355039     0.00004840     0.00162777     0.00058508     0.00024077   F1
0.03074279     0.00004962     0.00143989     0.00061541     0.00032266   F2
0.00725210     0.00002684     0.00136201     0.00053330     0.00399306     0.00006684   H0
0.00555678     0.00004861     0.00222203     0.00083956     0.00418619     0.00007195   H1
0.00353201     0.00003813     0.00183884     0.00073715     0.00852158     0.00007135   H2
1.15767866     0.00004531     0.00178795     0.00083468     0.00196120     0.00007548   N0
0.49239192     0.00004846     0.00186210     0.00077400     0.00088057     0.00007487   N1
1.98786319     0.00007597     0.00240586     0.00103551     0.00082060     0.00007605   N2
0.01563548     0.00001497     0.00147307     0.00066125     0.00117700   F0
0.00740783     0.00002192     0.00156380     0.00058735     0.00092749   F1
0.02068726     0.00003879     0.00160870     0.00067984     0.00044757   F2
0.00129787     0.00001284     0.00117591     0.00045602     0.00000000     0.00006687   H0
0.00832549     0.00005529     0.00223515     0.00090145     0.00163615     0.00007191   H1
0.00207998     0.00003671     0.00209280     0.00079089     0.00000000     0.00007143   H2
1.15487165     0.00001704     0.00091487     0.00036702     0.00067367     0.00007538   N0
0.49136453     0.00003214     0.00181815     0.00079478     0.00080267     0.00007489   N1
2.07299386     0.00003300     0.00158546     0.00070310     0.00096174     0.00007596   N2
0.02808314     0.00003841     0.00210482     0.00096793     0.00056198   F0
0.00702084     0.00001689     0.00118985     0.00043734     0.00092000   F1
0.04372739     0.00002466     0.00163250     0.00067522     0.00058882   F2
0.00768201     0.00006194     0.00220691     0.00082196     0.00399306     0.00006688   H0
0.00176731     0.00001586     0.00129340     0.00054919     0.00169441     0.00007191   H1
0.00454806     0.00004808     0.00231332     0.00092802     0.00896307     0.00007136   H2
1.19056020     0.00002884     0.00139639     0.00050959     0.00099552     0.00007551   N0
0.50151433     0.00006579     0.00285203     0.00138513     0.00266686     0.00007493   N1
2.04425798     0.00005538     0.00164792     0.00068978     0.00048573     0.00007605   N2
0.03040627     0.00004175     0.00257602     0.00117056     0.00123857   F0
0.02251029     0.00004578     0.00213832     0.00093979     0.00229346   F1
0.00973585     0.00002843     0.00126020     0.00046916     0.00042214   F2
0.00596094     0.00004154     0.00203966     0.00077478     0.00000000     0.00006693   H0
0.00526489     0.00001727     0.00169734     0.00081105     0.00525575     0.00007196   H1
0.00518767     0.00004331     0.00199407     0.00070669     0.00568252     0.00007140   H2
1.18508008     0.00003615     0.00228909     0.00124822     0.00106789     0.00007548   N0
0.48655537     0.00005747     0.00203455     0.00093618     0.00124798     0.00007486   N1
1.96719829     0.00007770     0.00194919     0.00074842     0.00057991     0.00007604   N2
0.02252301     0.00003308     0.00242809     0.00110038     0.00197102   F0
0.00376953     0.00004291     0.00202896     0.00075069     0.00137413   F1
0.07339658     0.00004354     0.00168962     0.00077604     0.00110721   F2
0.00866352     0.00002468     0.00144355     0.00054719     0.00399306     0.00006685   H0
0.00746800     0.00005131     0.00244016     0.00092066     0.00611701     0.00007196   H1
0.00251278     0.00003732     0.00185253     0.00075389     0.00852158     0.00007135   H2
1.15886799     0.00004550     0.00182534     0.00084585     0.00178221     0.00007548   N0
0.49271671     0.00004944     0.00179880     0.00071974     0.00066579     0.00007486   N1
1.99592799     0.00007511     0.00252586     0.00112078     0.00086866     0.00007604   N2
0.01619366     0.00001144     0.00117878     0.00052000     0.00108474   F0
0.00727184     0.00002865     0.00175284     0.00062811     0.00106579   F1
0.01903170     0.00003646     0.00151073     0.00061709     0.00042516   F2
0.01622162     0.00004381     0.00236006     0.00101192     0.00000000     0.00006702   H0
0.00488204     0.00003317     0.00157895     0.00066354     0.00000000     0.00007199   H1
0.00714266     0.00002105     0.00149922     0.00053417     0.00138245     0.00007145   H2
1.17087187     0.00007063     0.00232021     0.00119954     0.00122219     0.00007543   N0
0.44913834     0.00004059     0.00115969     0.00046692     0.00208457     0.00007488   N1
2.00002108     0.00003577     0.00122919     0.00043543     0.00015838     0.00007604   N2
0.01650567     0.00005704     0.00299761     0.00137816     0.00168198   F0
0.03495196     0.00005005     0.00181769     0.00068827     0.00170190   F1
0.00821994     0.00002241     0.00128079     0.00061691     0.00061397   F2
0.00117890     0.00000991     0.00094530     0.00037176     0.00000000     0.00006685   H0
0.01081557     0.00004196     0.00213071     0.00086395     0.00163615     0.00007201   H1
0.00775043     0.00003207     0.00195385     0.00077864     0.00188889     0.00007137   H2
1.14367889     0.00002629     0.00183388     0.00077262     0.00181830     0.00007538   N0
0.50247633     0.00004551     0.00204733     0.00103929     0.00062090     0.00007488   N1
1.99365709     0.00002621     0.00133545     0.00068530     0.00125283     0.00007598   N2
0.02718029     0.00003634     0.00195718     0.00070024     0.00088065   F0
0.02119711     0.00001716     0.00120998     0.00045278     0.00047497   F1
0.02254934     0.00002507     0.00173368     0.00085643     0.00123204   F2
0.00126494     0.00003495     0.00133478     0.00061061     0.00000000     0.00006687   H0
0.01229580     0.00005552     0.00209170     0.00084518     0.00163615     0.00007188   H1
0.00386147     0.00002618     0.00207047     0.00086611     0.00576280     0.00007148   H2
1.17834847     0.00001643     0.00131979     0.00059413     0.00087962     0.00007540   N0
0.49033903     0.00002589     0.00134279     0.00050111     0.00022829     0.00007492   N1
2.08043991     0.00003625     0.00128828     0.00058009     0.00033752     0.00007601   N2
0.01326518     0.00002103     0.00187608     0.00083011     0.00097075   F0
0.00599062     0.00001303     0.00089051     0.00035931     0.00052477   F1
0.04173472     0.00001209     0.00096094     0.00044527     0.00027701   F2
0.01308452     0.00003455     0.00191561     0.00088018     0.00000000     0.00006701   H0
0.00216093     0.00002811     0.00156755     0.00063650     0.00000000     0.00007199   H1
0.00819875     0.00002792     0.00171926     0.00060891     0.00138245     0.00007145   H2
1.18682390     0.00008324     0.00254655     0.00121966     0.00144345     0.00007546   N0
0.45588324     0.00003966     0.00140759     0.00055348     0.00118075     0.00007488   N1
1.99035778     0.00004625     0.00147088     0.00056208     0.00052332     0.00007606   N2
0.01525382     0.00005324     0.00258525     0.00115499     0.00219185   F0
0.02922289     0.00004447     0.00179462     0.00069502     0.00082690   F1
0.01835612     0.00001556     0.00101894     0.00039111     0.00068102   F2
0.00319255     0.00000912     0.00098487     0.00038469     0.00000000     0.00006688   H0
0.00724634     0.00005973     0.00231515     0.00093608     0.00163615     0.00007192   H1
0.00203929     0.00003185     0.00197280     0.00078465     0.00000000     0.00007143   H2
1.14798248     0.00001653     0.00095805     0.00036280     0.00069096     0.00007537   N0
0.48782152     0.00003558     0.00187137     0.00076562     0.00070494     0.00007489   N1
2.07856665     0.00003978     0.00176546     0.00084101     0.00102421     0.00007596   N2
0.03524799     0.00004424     0.00221691     0.00096139     0.00066615   F0
0.00313067     0.00001998     0.00118586     0.00045403     0.00075473   F1
0.04849284     0.00002582     0.00167154     0.00068328     0.00065588   F2
0.01006540     0.00004423     0.00181410     0.00073010     0.00399306     0.00006686   H0
0.00407936     0.00002530     0.00165153     0.00064141     0.00169441     0.00007192   H1
0.00539223     0.00006036     0.00247711     0.00098426     0.00896220     0.00007133   H2
1.17994888     0.00002327     0.00161104     0.00064525     0.00114952     0.00007549   N0
0.49917641     0.00006319     0.00257511     0.00121903     0.00208933     0.00007489   N1
2.04026976     0.00002655     0.00149575     0.00066745     0.00046489     0.00007604   N2
0.01689332     0.00002777     0.00212526     0.00103428     0.00171249   F0
0.01443219     0.00005031     0.00222978     0.00087984     0.00150362   F1
0.00985851     0.00001219     0.00091170     0.00033763     0.00058788   F2
0.00099480     0.00002645     0.00125080     0.00056769     0.00000000     0.00006686   H0
0.00831706     0.00003388     0.00176996     0.00068838     0.00163615     0.00007190   H1
0.00482725     0.00003242     0.00243280     0.00101134     0.00576280     0.00007146   H2
1.15624732     0.00002018     0.00123038     0.00056641     0.00023605     0.00007537   N0
0.49208526     0.00002991     0.00167272     0.00061609     0.00062050     0.00007493   N1
2.06184527     0.00003987     0.00168828     0.00081138     0.00096784     0.00007599   N2
0.03581493     0.00003778     0.00241573     0.00106064     0.00104362   F0
0.01018658     0.00001340     0.00092023     0.00035461     0.00071284   F1
0.02955378     0.00001106     0.00097275     0.00045064     0.00046737   F2
0.00213028     0.00003601     0.00135651     0.00063182     0.00000000     0.00006685   H0
0.01006414     0.00004208     0.00183170     0.00073641     0.00229711     0.00007188   H1
0.00427973     0.00003058     0.00229047     0.00097014     0.00576280     0.00007147   H2
1.17581745     0.00001842     0.00127423     0.00054981     0.00077536     0.00007539   N0
0.49204223     0.00002218     0.00150912     0.00055054     0.00047529     0.00007492   N1
2.07943779     0.00003138     0.00118371     0.00056323     0.00043091     0.00007603   N2
0.01522181     0.00002195     0.00179431     0.00084115     0.00089439   F0
0.01100493     0.00001267     0.00118746     0.00045809     0.00087357   F1
0.03598771     0.00001213     0.00112457     0.00050111     0.00032353   F2
0.00440413     0.00000958     0.00101441     0.00042454     0.00000000     0.00006699   H0
0.00584784     0.00002797     0.00180423     0.00068910     0.00163615     0.00007193   H1
0.00926542     0.00002533     0.00181046     0.00063763     0.00553552     0.00007151   H2
1.18393134     0.00004446     0.00176927     0.00076920     0.00054516     0.00007543   N0
0.46748041     0.00005851     0.00152486     0.00061216     0.00091283     0.00007489   N1
2.04793616     0.00004148     0.00134511     0.00060134     0.00074448     0.00007608   N2
0.00815578     0.00002464     0.00187496     0.00067110     0.00094024   F0
0.01076851     0.00005684     0.00220350     0.00093421     0.00110259   F1
0.00678135     0.00001793     0.00112788     0.00045354     0.00060185   F2
0.01532125     0.00004097     0.00221864     0.00103058     0.00000000     0.00006703   H0
0.00255428     0.00002926     0.00158497     0.00063533     0.00223460     0.00007198   H1
0.00918377     0.00002455     0.00169926     0.00059826     0.00553552     0.00007147   H2
1.17769250     0.00007328     0.00228392     0.00118187     0.00119498     0.00007545   N0
0.44978565     0.00004354     0.00136883     0.00053850     0.00202250     0.00007488   N1
1.98782000     0.00003972     0.00126975     0.00046397     0.00029168     0.00007605   N2
0.01156658     0.00004930     0.00271497     0.00120452     0.00192409   F0
0.03439085     0.00004137     0.00159450     0.00062718     0.00146216   F1
0.01858902     0.00002124     0.00120678     0.00054850     0.00066883   F2
0.00536181     0.00001409     0.00139383     0.00058945     0.00000000     0.00006698   H0
0.00838495     0.00003830     0.00164178     0.00073364     0.00163615     0.00007201   H1
0.01126612     0.00001888     0.00141829     0.00053068     0.00553552     0.00007152   H2
1.18303317     0.00007544     0.00248600     0.00116806     0.00116594     0.00007545   N0
0.45829610     0.00003759     0.00134170     0.00051682     0.00111964     0.00007489   N1
1.99786618     0.00004894     0.00167330     0.00069726     0.00061791     0.00007610   N2
0.01222233     0.00004548     0.00257124     0.00108887     0.00181395   F0
0.02779899     0.00003303     0.00126263     0.00054306     0.00116346   F1
0.00695419     0.00002414     0.00118645     0.00046296     0.00063306   F2
0.00158804     0.00003747     0.00141546     0.00063199     0.00000000     0.00006687   H0
0.01384299     0.00005469     0.00217170     0.00084265     0.00163615     0.00007187   H1
0.00378834     0.00002485     0.00203047     0.00084501     0.00576280     0.00007147   H2
1.18237270     0.00002281     0.00149723     0.00064856     0.00103735     0.00007539   N0
0.49056866     0.00002080     0.00124194     0.00044903     0.00018146     0.00007492   N1
2.09286449     0.00003887     0.00127776     0.00058207     0.00049460     0.00007601   N2
0.01034617     0.00002224     0.00190227     0.00086139     0.00113106   F0
0.00440717     0.00001323     0.00087109     0.00035995     0.00054124   F1
0.04846545     0.00001774     0.00118274     0.00051442     0.00029293   F2
0.00281491     0.00004112     0.00156946     0.00067060     0.00000000     0.00006686   H0
0.01505928     0.00005368     0.00217170     0.00084336     0.00163615     0.00007186   H1
0.00376345     0.00001935     0.00179047     0.00077660     0.00576280     0.00007146   H2
1.18959634     0.00002283     0.00147329     0.00063148     0.00110751     0.00007540   N0
0.49548037     0.00002441     0.00128758     0.00047029     0.00033794     0.00007493   N1
2.10120694     0.00004255     0.00131423     0.00059790     0.00046809     0.00007602   N2
0.00784503     0.00002427     0.00194968     0.00089422     0.00136037   F0
0.01041168     0.00001559     0.00098689     0.00040847     0.00042552   F1
0.05370561     0.00002102     0.00125277     0.00056371     0.00029600   F2
0.01216471     0.00002377     0.00159587     0.00070806     0.00000000     0.00006700   H0
0.00395660     0.00002607     0.00148497     0.00061256     0.00000000     0.00007199   H1
0.00863638     0.00002789     0.00162625     0.00060530     0.00553552     0.00007147   H2
1.17686583     0.00007191     0.00233664     0.00118362     0.00122713     0.00007546   N0
0.45384250     0.00003940     0.00114005     0.00045770     0.00181527     0.00007489   N1
1.99231936     0.00004939     0.00158927     0.00061739     0.00051132     0.00007607   N2
0.01047736     0.00004748     0.00259578     0.00111250     0.00189831   F0
0.03070969     0.00004713     0.00159212     0.00064451     0.00135880   F1
0.01177852     0.00002281     0.00108916     0.00046759     0.00074547   F2
0.00153040     0.00003753     0.00143563     0.00063313     0.00000000     0.00006687   H0
0.01393712     0.00005546     0.00219170     0.00084838     0.00163615     0.00007187   H1
0.00384309     0.00002554     0.00205047     0.00085398     0.00576280     0.00007147   H2
1.18239055     0.00002259     0.00149723     0.00064327     0.00103735     0.00007539   N0
0.49067991     0.00002102     0.00126211     0.00045516     0.00018146     0.00007492   N1
2.09473845     0.00003811     0.00125776     0.00057883     0.00049460     0.00007601   N2
0.01028060     0.00002192     0.00188206     0.00085815     0.00113333   F0
0.00459781     0.00001328     0.00089130     0.00036276     0.00054124   F1
0.04944108     0.00001775     0.00117124     0.00051477     0.00029293   F2
0.00372548     0.00004835     0.00218371     0.00084775     0.00399306     0.00006686   H0
0.00806222     0.00004807     0.00232830     0.00088737     0.00601753     0.00007202   H1
0.00102590     0.00001363     0.00095341     0.00044266     0.00544444     0.00007138   H2
1.17366663     0.00002693     0.00152336     0.00057532     0.00058587     0.00007546   N0
0.46718276     0.00001995     0.00111327     0.00039271     0.00115336     0.00007485   N1
2.00771621     0.00005452     0.00093643     0.00038356     0.00054317     0.00007603   N2
0.00713407     0.00001551     0.00125115     0.00047004     0.00046727   F0
0.02017688     0.00002322     0.00118093     0.00045511     0.00033087   F1
0.01837410     0.00005050     0.00211125     0.00095939     0.00053504   F2
0.00217283     0.00001048     0.00099946     0.00037567     0.00000000     0.00006688   H0
0.00633221     0.00005756     0.00239515     0.00092572     0.00163615     0.00007193   H1
0.00328978     0.00003545     0.00221280     0.00087108     0.00083673     0.00007144   H2
1.14603273     0.00002131     0.00097043     0.00037272     0.00034891     0.00007537   N0
0.48834928     0.00004417     0.00205299     0.00081829     0.00089512     0.00007490   N1
2.07363361     0.00003947     0.00176546     0.00081674     0.00098729     0.00007597   N2
0.03698806     0.00004227     0.00203197     0.00089592     0.00052665   F0
0.00336490     0.00002247     0.00124505     0.00047948     0.00110136   F1
0.04385305     0.00002241     0.00145406     0.00057948     0.00062083   F2
0.00130608     0.00001882     0.00130435     0.00045145     0.00399306     0.00006695   H0
0.01117923     0.00002915     0.00218423     0.00079776     0.00314769     0.00007190   H1
0.01200534     0.00002955     0.00201052     0.00073689     0.00100000     0.00007153   H2
1.19279523     0.00004389     0.00167331     0.00073718     0.00071389     0.00007544   N0
0.46650237     0.00006719     0.00179375     0.00065714     0.00084730     0.00007487   N1
2.02010021     0.00006103     0.00165706     0.00074193     0.00028347     0.00007602   N2
0.01291592     0.00003363     0.00204302     0.00073524     0.00077482   F0
0.01348486     0.00006660     0.00199347     0.00081355     0.00120829   F1
0.03442953     0.00002858     0.00148804     0.00061191     0.00114003   F2
0.00878352     0.00003236     0.00164775     0.00061270     0.00442694     0.00006686   H0
0.00418386     0.00005453     0.00226203     0.00090583     0.00418619     0.00007193   H1
0.00076847     0.00003766     0.00174291     0.00068232     0.00544444     0.00007140   H2
1.15886915     0.00004641     0.00199108     0.00084975     0.00182230     0.00007548   N0
0.49051954     0.00003703     0.00176726     0.00065998     0.00072414     0.00007489   N1
2.01683075     0.00004593     0.00186586     0.00080533     0.00058794     0.00007606   N2
0.01693339     0.00001887     0.00163960     0.00080112     0.00145971   F0
0.00783783     0.00001502     0.00115766     0.00042511     0.00091431   F1
0.00536305     0.00004106     0.00175213     0.00074799     0.00049289   F2
0.01526418     0.00004356     0.00232529     0.00101112     0.00000000     0.00006701   H0
0.00521623     0.00003387     0.00159895     0.00067209     0.00000000     0.00007199   H1
0.00709309     0.00002243     0.00153923     0.00055279     0.00220924     0.00007145   H2
1.17006971     0.00007128     0.00237631     0.00121758     0.00125073     0.00007543   N0
0.45023918     0.00003792     0.00109822     0.00045514     0.00208457     0.00007488   N1
1.99918861     0.00003453     0.00124920     0.00044017     0.00015838     0.00007604   N2
0.01762827     0.00005824     0.00304974     0.00140509     0.00169632   F0
0.03452197     0.00004700     0.00174446     0.00066621     0.00170356   F1
0.00943718     0.00002315     0.00130752     0.00063570     0.00062406   F2
0.00492254     0.00003485     0.00202137     0.00072483     0.00000000     0.00006691   H0
0.00487832     0.00001410     0.00143757     0.00066326     0.00500561     0.00007197   H1
0.00514069     0.00003227     0.00175402     0.00064619     0.00611111     0.00007139   H2
1.18132804     0.00001865     0.00171062     0.00083357     0.00067495     0.00007547   N0
0.49332438     0.00004814     0.00177276     0.00073229     0.00089565     0.00007488   N1
1.96355537     0.00007706     0.00176915     0.00070026     0.00052800     0.00007605   N2
0.01721320     0.00002437     0.00195902     0.00085018     0.00154524   F0
0.00912979     0.00004140     0.00191316     0.00070833     0.00048540   F1
0.07268951     0.00004761     0.00172902     0.00076502     0.00102398   F2
0.00091316     0.00003544     0.00139099     0.00061616     0.00000000     0.00006687   H0
0.01191030     0.00005280     0.00207170     0.00082174     0.00163615     0.00007188   H1
0.00374231     0.00002597     0.00204085     0.00087178     0.00576280     0.00007147   H2
1.18068819     0.00001880     0.00141109     0.00062351     0.00100778     0.00007540   N0
0.49198480     0.00002275     0.00120655     0.00046476     0.00027773     0.00007493   N1
2.09204074     0.00003692     0.00130828     0.00058792     0.00043348     0.00007601   N2
0.01095540     0.00002086     0.00183074     0.00081738     0.00110815   F0
0.00797735     0.00001375     0.00091909     0.00036313     0.00028676   F1
0.04869145     0.00001551     0.00098089     0.00045561     0.00025689   F2
0.00581873     0.00003959     0.00204734     0.00081545     0.00608213     0.00006689   H0
0.00475765     0.00001713     0.00165734     0.00077551     0.00505533     0.00007196   H1
0.00584135     0.00003460     0.00171401     0.00062537     0.00611111     0.00007139   H2
1.19241578     0.00003645     0.00222681     0.00131109     0.00114721     0.00007546   N0
0.48774267     0.00004746     0.00219108     0.00100969     0.00156245     0.00007484   N1
1.98029329     0.00006236     0.00204921     0.00080119     0.00076801     0.00007602   N2
0.02676923     0.00002444     0.00212147     0.00102822     0.00188276   F0
0.00519541     0.00003856     0.00185483     0.00072114     0.00175649   F1
0.06419833     0.00003534     0.00156635     0.00068546     0.00113108   F2
0.00902002     0.00002397     0.00151911     0.00067249     0.00000000     0.00006700   H0
0.00803470     0.00003523     0.00167991     0.00071429     0.00143757     0.00007202   H1
0.01062242     0.00002146     0.00144662     0.00058452     0.00553552     0.00007150   H2
1.17590169     0.00007313     0.00227170     0.00116999     0.00110908     0.00007545   N0
0.45820903     0.00003263     0.00123695     0.00045423     0.00171476     0.00007489   N1
2.00352642     0.00006326     0.00174930     0.00071963     0.00065500     0.00007608   N2
0.00961091     0.00003318     0.00222420     0.00096957     0.00162128   F0
0.02411673     0.00003774     0.00155130     0.00058790     0.00135880   F1
0.00491605     0.00002673     0.00111826     0.00045076     0.00085533   F2
0.00777569     0.00004401     0.00181410     0.00072624     0.00212665     0.00006688   H0
0.00675813     0.00002520     0.00157153     0.00063281     0.00393161     0.00007191   H1
0.00577440     0.00005821     0.00247758     0.00101764     0.00896220     0.00007133   H2
1.17818597     0.00002378     0.00167156     0.00068917     0.00128901     0.00007548   N0
0.49643502     0.00005542     0.00255494     0.00124493     0.00210772     0.00007488   N1
2.04683883     0.00002603     0.00147575     0.00062388     0.00038609     0.00007604   N2
0.01524518     0.00003068     0.00222794     0.00104102     0.00171939   F0
0.01295857     0.00004665     0.00232911     0.00095733     0.00155512   F1
0.01668117     0.00001340     0.00075228     0.00029610     0.00055166   F2
0.01038296     0.00003421     0.00167602     0.00062803     0.00399306     0.00006684   H0
0.00518008     0.00005881     0.00240203     0.00095032     0.00480366     0.00007194   H1
0.00213475     0.00003442     0.00152058     0.00062182     0.00544444     0.00007142   H2
1.15738282     0.00005304     0.00223840     0.00093150     0.00209882     0.00007548   N0
0.49291777     0.00003469     0.00170230     0.00063081     0.00070034     0.00007490   N1
2.02016047     0.00004880     0.00180586     0.00080294     0.00086440     0.00007606   N2
0.01755621     0.00002542     0.00192742     0.00097763     0.00174176   F0
0.01020289     0.00001637     0.00120732     0.00042002     0.00092478   F1
0.00572154     0.00004133     0.00183284     0.00076360     0.00046017   F2
0.00384478     0.00004954     0.00231116     0.00090269     0.00399306     0.00006688   H0
0.00818888     0.00004595     0.00226830     0.00087068     0.00601753     0.00007201   H1
0.00096291     0.00001224     0.00085709     0.00040893     0.00544444     0.00007139   H2
1.17262840     0.00002308     0.00143515     0.00054569     0.00052607     0.00007546   N0
0.46558565     0.00002216     0.00112930     0.00040914     0.00127496     0.00007485   N1
2.00972568     0.00005461     0.00101644     0.00038770     0.00066899     0.00007604   N2
0.00708778     0.00001420     0.00124129     0.00047066     0.00045549   F0
0.02205788     0.00002549     0.00132709     0.00048433     0.00039516   F1
0.02101798     0.00005320     0.00221099     0.00102151     0.00066238   F2
0.00498276     0.00002319     0.00166963     0.00068047     0.00000000     0.00006684   H0
0.01419149     0.00003386     0.00189912     0.00074617     0.00163615     0.00007203   H1
0.00576513     0.00002423     0.00146345     0.00056227     0.00000000     0.00007138   H2
1.14898217     0.00002736     0.00196286     0.00086017     0.00122850     0.00007541   N0
0.49691894     0.00004645     0.00227212     0.00093131     0.00120603     0.00007485   N1
1.97172068     0.00002150     0.00096817     0.00044465     0.00096615     0.00007604   N2
0.01693521     0.00002715     0.00158636     0.00059514     0.00060914   F0
0.01278140     0.00003205     0.00129000     0.00055552     0.00088200   F1
0.03086225     0.00002870     0.00183140     0.00083028     0.00097374   F2
0.00759522     0.00005414     0.00208208     0.00077686     0.00399306     0.00006689   H0
0.00117189     0.00001572     0.00135859     0.00052551     0.00169441     0.00007191   H1
0.00482340     0.00005171     0.00231332     0.00095725     0.00896307     0.00007136   H2
1.18589945     0.00003055     0.00141976     0.00055030     0.00100544     0.00007551   N0
0.49940691     0.00006789     0.00290705     0.00139478     0.00253344     0.00007493   N1
2.04912068     0.00005048     0.00164342     0.00068065     0.00043732     0.00007605   N2
0.02751005     0.00004226     0.00272966     0.00120930     0.00134698   F0
0.02023236     0.00004903     0.00215407     0.00095899     0.00217408   F1
0.01411029     0.00002911     0.00112517     0.00043598     0.00040264   F2
0.00568838     0.00002483     0.00194686     0.00081915     0.00608213     0.00006689   H0
0.00547310     0.00002262     0.00170847     0.00065227     0.00139001     0.00007197   H1
0.00950891     0.00002532     0.00167836     0.00068775     0.00611111     0.00007137   H2
1.16907205     0.00004378     0.00225925     0.00092687     0.00119332     0.00007547   N0
0.48303594     0.00007158     0.00178514     0.00065157     0.00079273     0.00007486   N1
2.00108191     0.00007437     0.00184197     0.00077428     0.00058729     0.00007610   N2
0.00883137     0.00002916     0.00206614     0.00088883     0.00093543   F0
0.00062145     0.00005859     0.00184626     0.00062998     0.00072468   F1
0.03787941     0.00005107     0.00156618     0.00068377     0.00055450   F2
0.00859258     0.00002949     0.00152663     0.00057322     0.00399306     0.00006686   H0
0.00411896     0.00005357     0.00221684     0.00087647     0.00418619     0.00007193   H1
0.00075540     0.00003890     0.00180291     0.00069953     0.00754568     0.00007139   H2
1.15970353     0.00004352     0.00182958     0.00081636     0.00172981     0.00007548   N0
0.49078512     0.00003876     0.00178745     0.00068205     0.00093786     0.00007488   N1
2.00577154     0.00004871     0.00196586     0.00085373     0.00075911     0.00007606   N2
0.01549349     0.00001462     0.00147785     0.00070824     0.00135408   F0
0.00758791     0.00001670     0.00131831     0.00048211     0.00091650   F1
0.01042240     0.00004086     0.00171226     0.00073646     0.00048130   F2
0.01403578     0.00003443     0.00211821     0.00076253     0.00670148     0.00006682   H0
0.00599894     0.00005141     0.00234435     0.00092558     0.00601753     0.00007197   H1
0.00145173     0.00004698     0.00247253     0.00093095     0.00896220     0.00007137   H2
1.15255752     0.00002690     0.00136402     0.00057678     0.00181746     0.00007546   N0
0.47860014     0.00004175     0.00174717     0.00076246     0.00077095     0.00007484   N1
1.98784434     0.00005971     0.00209043     0.00087544     0.00107484     0.00007603   N2
0.02733310     0.00001145     0.00107580     0.00044740     0.00087825   F0
0.01429683     0.00003187     0.00172495     0.00071908     0.00091943   F1
0.01179941     0.00003086     0.00164522     0.00073061     0.00096133   F2
0.00089869     0.00000971     0.00089612     0.00032076     0.00000000     0.00006685   H0
0.01214701     0.00005100     0.00229653     0.00095478     0.00163615     0.00007201   H1
0.00307684     0.00003363     0.00201386     0.00081111     0.00000000     0.00007142   H2
1.15862785     0.00001660     0.00130737     0.00056727     0.00127405     0.00007541   N0
0.50819423     0.00003893     0.00190131     0.00089800     0.00071398     0.00007491   N1
2.02506776     0.00003096     0.00157923     0.00067765     0.00099788     0.00007600   N2
0.01361426     0.00003542     0.00193341     0.00073040     0.00071603   F0
0.02705498     0.00001861     0.00115840     0.00046120     0.00047220   F1
0.01406555     0.00002422     0.00170367     0.00091313     0.00118892   F2
0.00181941     0.00002816     0.00122536     0.00058374     0.00000000     0.00006686   H0
0.00877408     0.00003377     0.00179228     0.00067520     0.00163615     0.00007189   H1
0.00401059     0.00003487     0.00227280     0.00096502     0.00188889     0.00007146   H2
1.16132160     0.00002558     0.00151839     0.00073735     0.00065315     0.00007536   N0
0.49255276     0.00002776     0.00159480     0.00059915     0.00056285     0.00007494   N1
2.07272721     0.00003742     0.00158828     0.00079622     0.00084907     0.00007600   N2
0.03244309     0.00004228     0.00260856     0.00116635     0.00103870   F0
0.01071074     0.00001169     0.00092494     0.00033880     0.00076819   F1
0.03053341     0.00000880     0.00072570     0.00032259     0.00045759   F2
0.00326921     0.00004891     0.00177110     0.00074249     0.00000000     0.00006684   H0
0.01765848     0.00005311     0.00211170     0.00084651     0.00163615     0.00007185   H1
0.00353848     0.00001890     0.00175047     0.00076164     0.00211638     0.00007147   H2
1.19180019     0.00002674     0.00165115     0.00069454     0.00140260     0.00007540   N0
0.49541237     0.00003071     0.00138711     0.00053358     0.00051870     0.00007494   N1
2.11241129     0.00004286     0.00120828     0.00055417     0.00082795     0.00007603   N2
0.00903096     0.00002567     0.00194941     0.00090283     0.00151559   F0
0.01054798     0.00001816     0.00103759     0.00042219     0.00029935   F1
0.06427884     0.00002670     0.00140168     0.00061844     0.00046634   F2
0.00812168     0.00001798     0.00122814     0.00042539     0.00399306     0.00006686   H0
0.00174035     0.00004710     0.00218895     0.00080248     0.00281884     0.00007194   H1
0.00622701     0.00004394     0.00236720     0.00095778     0.00896220     0.00007132   H2
1.16152974     0.00002776     0.00169342     0.00070240     0.00195119     0.00007546   N0
0.49991113     0.00005324     0.00226828     0.00092935     0.00160624     0.00007488   N1
2.02132404     0.00003795     0.00169051     0.00077929     0.00024665     0.00007605   N2
0.01184605     0.00002271     0.00198501     0.00097821     0.00155463   F0
0.01510746     0.00003908     0.00202245     0.00079252     0.00129123   F1
0.00609529     0.00001923     0.00086353     0.00035469     0.00032375   F2
0.00061422     0.00001847     0.00138291     0.00047413     0.00000000     0.00006686   H0
0.00896553     0.00006150     0.00251515     0.00096694     0.00163615     0.00007193   H1
0.00144401     0.00004119     0.00205521     0.00083792     0.00000000     0.00007144   H2
1.15384409     0.00001702     0.00093997     0.00036541     0.00068435     0.00007537   N0
0.49938306     0.00003517     0.00205407     0.00084150     0.00069551     0.00007490   N1
2.06622505     0.00002925     0.00144546     0.00060013     0.00090158     0.00007596   N2
0.02815310     0.00003771     0.00212377     0.00096390     0.00062401   F0
0.01653702     0.00002033     0.00131220     0.00049945     0.00125721   F1
0.04115885     0.00001920     0.00145892     0.00069144     0.00048388   F2
0.00501024     0.00002079     0.00146775     0.00053272     0.00000000     0.00006688   H0
0.01863073     0.00003229     0.00181912     0.00076159     0.00163615     0.00007205   H1
0.00261228     0.00002585     0.00172350     0.00062957     0.00000000     0.00007142   H2
1.14936047     0.00003194     0.00216474     0.00091282     0.00132568     0.00007542   N0
0.49490512     0.00005531     0.00262807     0.00112405     0.00130621     0.00007485   N1
1.98389567     0.00001899     0.00098817     0.00047332     0.00078601     0.00007606   N2
0.01591683     0.00003150     0.00189997     0.00073894     0.00053964   F0
0.01138774     0.00002913     0.00131687     0.00055098     0.00131744   F1
0.02229909     0.00002768     0.00180884     0.00081302     0.00089004   F2
0.00824032     0.00002994     0.00167661     0.00058525     0.00399306     0.00006686   H0
0.00438454     0.00005697     0.00232016     0.00090420     0.00418619     0.00007194   H1
0.00118619     0.00003640     0.00176058     0.00067308     0.00818460     0.00007142   H2
1.15389048     0.00005914     0.00239484     0.00095269     0.00217302     0.00007547   N0
0.48845980     0.00004059     0.00180764     0.00066836     0.00069945     0.00007488   N1
2.02182110     0.00004221     0.00159817     0.00069378     0.00082226     0.00007604   N2
0.02056177     0.00002899     0.00201639     0.00100772     0.00209356   F0
0.00391786     0.00002172     0.00143135     0.00051202     0.00092287   F1
0.00517582     0.00003771     0.00163366     0.00069108     0.00037782   F2
0.00684408     0.00002453     0.00147567     0.00060984     0.00000000     0.00006690   H0
0.01942368     0.00003872     0.00180836     0.00084059     0.00281884     0.00007204   H1
0.00504105     0.00002457     0.00164348     0.00063452     0.00139001     0.00007140   H2
1.15845823     0.00003225     0.00221290     0.00102529     0.00092372     0.00007544   N0
0.49742805     0.00005554     0.00246309     0.00105884     0.00070276     0.00007488   N1
1.95516414     0.00002430     0.00115994     0.00050802     0.00094778     0.00007605   N2
0.00632814     0.00002490     0.00189395     0.00080020     0.00104008   F0
0.01357944     0.00001910     0.00106594     0.00044406     0.00070024   F1
0.05545570     0.00002116     0.00127061     0.00054799     0.00093162   F2
0.01217329     0.00002646     0.00169128     0.00075726     0.00000000     0.00006701   H0
0.00313653     0.00002679     0.00146497     0.00061702     0.00000000     0.00007198   H1
0.00915543     0.00002866     0.00169926     0.00061878     0.00553552     0.00007147   H2
1.17829060     0.00007283     0.00239031     0.00118400     0.00124742     0.00007545   N0
0.45241706     0.00004049     0.00122595     0.00048025     0.00181501     0.00007488   N1
1.98732918     0.00005230     0.00160927     0.00062854     0.00051132     0.00007607   N2
0.01090349     0.00004716     0.00260575     0.00113377     0.00202886   F0
0.03258390     0.00004908     0.00168529     0.00068300     0.00140410   F1
0.01529741     0.00002207     0.00108949     0.00045753     0.00070587   F2
0.00790367     0.00004658     0.00257411     0.00098042     0.00399306     0.00006688   H0
0.00914065     0.00007202     0.00268830     0.00109521     0.00601753     0.00007201   H1
0.00205719     0.00002210     0.00135020     0.00065520     0.00872797     0.00007136   H2
1.15761888     0.00002049     0.00144864     0.00057439     0.00138518     0.00007547   N0
0.48039646     0.00002098     0.00115300     0.00043988     0.00071962     0.00007484   N1
1.99143655     0.00007268     0.00149588     0.00058697     0.00102533     0.00007604   N2
0.02367902     0.00001981     0.00158096     0.00063933     0.00042075   F0
0.01145575     0.00001800     0.00105528     0.00040119     0.00007837   F1
0.01494935     0.00006312     0.00250047     0.00116069     0.00112715   F2
0.00499613     0.00001927     0.00164459     0.00072450     0.00000000     0.00006695   H0
0.00674333     0.00002004     0.00130615     0.00054871     0.00163615     0.00007197   H1
0.00256911     0.00001771     0.00112868     0.00045865     0.00000000     0.00007143   H2
1.18033191     0.00003756     0.00211645     0.00083002     0.00073413     0.00007548   N0
0.47974389     0.00006386     0.00182597     0.00064698     0.00092168     0.00007490   N1
1.99277855     0.00007074     0.00185881     0.00084582     0.00078146     0.00007611   N2
0.01452245     0.00003036     0.00200110     0.00076454     0.00069665   F0
0.00240340     0.00005632     0.00173855     0.00061672     0.00029738   F1
0.03847683     0.00004694     0.00175057     0.00073612     0.00059792   F2
0.01008377     0.00006727     0.00276948     0.00141386     0.00000000     0.00006694   H0
0.00799548     0.00002863     0.00165004     0.00062765     0.00601753     0.00007201   H1
0.00558356     0.00003305     0.00129048     0.00064890     0.00544587     0.00007143   H2
1.17901475     0.00004157     0.00214942     0.00102342     0.00111970     0.00007546   N0
0.46165277     0.00002347     0.00124810     0.00045044     0.00236842     0.00007484   N1
2.00539384     0.00001581     0.00086519     0.00034906     0.00069087     0.00007604   N2
0.00941682     0.00002896     0.00188872     0.00088605     0.00159480   F0
0.02206301     0.00002736     0.00168920     0.00064666     0.00111028   F1
0.00482489     0.00002857     0.00188649     0.00080370     0.00047369   F2
0.00288355     0.00001933     0.00172211     0.00075293     0.00000000     0.00006693   H0
0.00366428     0.00001327     0.00092226     0.00038801     0.00163615     0.00007192   H1
0.00158926     0.00001428     0.00130871     0.00049541     0.00000000     0.00007146   H2
1.18453063     0.00002171     0.00149012     0.00055918     0.00040572     0.00007546   N0
0.48312238     0.00006358     0.00200116     0.00069077     0.00073624     0.00007487   N1
2.02076188     0.00007236     0.00196812     0.00088930     0.00116113     0.00007611   N2
0.01384208     0.00001587     0.00114330     0.00043299     0.00046306   F0
0.00117686     0.00005095     0.00165809     0.00062929     0.00080675   F1
0.01978461     0.00004486     0.00177153     0.00081761     0.00122321   F2
0.00480165     0.00001023     0.00102166     0.00039805     0.00000000     0.00006698   H0
0.00503918     0.00003289     0.00188423     0.00070832     0.00163615     0.00007193   H1
0.00784762     0.00002037     0.00157039     0.00054658     0.00553552     0.00007150   H2
1.18727768     0.00004316     0.00182420     0.00073628     0.00048573     0.00007544   N0
0.46747840     0.00006312     0.00159264     0.00062365     0.00088781     0.00007489   N1
2.06135657     0.00005536     0.00149282     0.00068497     0.00074410     0.00007609   N2
0.01221433     0.00002469     0.00182275     0.00066519     0.00111165   F0
0.01105702     0.00005171     0.00205672     0.00081518     0.00084591   F1
0.01343988     0.00002313     0.00114605     0.00046102     0.00055869   F2
0.00377444     0.00001465     0.00096433     0.00039682     0.00000000     0.00006686   H0
0.00751029     0.00005926     0.00239515     0.00094413     0.00163615     0.00007196   H1
0.00305336     0.00002723     0.00187807     0.00078276     0.00000000     0.00007147   H2
1.15623513     0.00001744     0.00118317     0.00044908     0.00091317     0.00007539   N0
0.50422123     0.00004921     0.00238824     0.00107370     0.00120195     0.00007489   N1
2.03214009     0.00002019     0.00117915     0.00057374     0.00096146     0.00007597   N2
0.02503459     0.00003989     0.00179568     0.00075008     0.00031155   F0
0.01924919     0.00002511     0.00159521     0.00058634     0.00127212   F1
0.02143047     0.00001792     0.00117282     0.00067590     0.00050006   F2
0.00557329     0.00002560     0.00164245     0.00062850     0.00000000     0.00006688   H0
0.01724343     0.00002756     0.00174097     0.00071530     0.00163615     0.00007204   H1
0.00657495     0.00002638     0.00165834     0.00062832     0.00139001     0.00007138   H2
1.14997902     0.00002864     0.00199088     0.00086431     0.00111681     0.00007542   N0
0.49569519     0.00004399     0.00209240     0.00087723     0.00073170     0.00007487   N1
1.96790662     0.00003430     0.00128823     0.00063643     0.00121882     0.00007605   N2
0.01611594     0.00003146     0.00170331     0.00064827     0.00060961   F0
0.01204352     0.00002177     0.00101495     0.00044284     0.00058546   F1
0.03389318     0.00003668     0.00201325     0.00097200     0.00120781   F2
0.01070509     0.00003238     0.00162319     0.00062197     0.00399306     0.00006686   H0
0.00645095     0.00005521     0.00240016     0.00091475     0.00611701     0.00007195   H1
0.00171591     0.00003389     0.00160058     0.00062642     0.00544444     0.00007143   H2
1.15793713     0.00005242     0.00220808     0.00091816     0.00200966     0.00007549   N0
0.49292803     0.00003224     0.00161017     0.00060937     0.00072322     0.00007490   N1
2.01156576     0.00004814     0.00174586     0.00076318     0.00086581     0.00007605   N2
0.01608220     0.00002438     0.00196561     0.00098320     0.00173438   F0
0.00933535     0.00001405     0.00107660     0.00038016     0.00091942   F1
0.01014927     0.00004260     0.00183355     0.00075191     0.00044967   F2
0.00975905     0.00004491     0.00192017     0.00074354     0.00399306     0.00006687   H0
0.00457082     0.00002524     0.00165497     0.00064456     0.00281884     0.00007192   H1
0.00557747     0.00005925     0.00259759     0.00102930     0.00896220     0.00007133   H2
1.17700709     0.00002305     0.00158562     0.00059847     0.00121677     0.00007548   N0
0.49719058     0.00006738     0.00270168     0.00130206     0.00236717     0.00007488   N1
2.04265645     0.00002922     0.00159576     0.00068074     0.00035732     0.00007605   N2
0.01416559     0.00003351     0.00218636     0.00106600     0.00168408   F0
0.01391778     0.00005770     0.00247706     0.00103902     0.00161120   F1
0.01822367     0.00001259     0.00090100     0.00034118     0.00044487   F2
0.00688755     0.00004270     0.00209459     0.00093329     0.00746528     0.00006689   H0
0.01074468     0.00001904     0.00160316     0.00059938     0.00424939     0.00007200   H1
0.00765625     0.00003236     0.00175402     0.00060953     0.00000000     0.00007137   H2
1.17206776     0.00003096     0.00211032     0.00103008     0.00055658     0.00007548   N0
0.49132432     0.00004506     0.00218750     0.00094744     0.00114796     0.00007484   N1
1.96661446     0.00003080     0.00118904     0.00045926     0.00067253     0.00007603   N2
0.01824618     0.00003093     0.00230860     0.00105992     0.00168889   F0
0.00285280     0.00003591     0.00169970     0.00064856     0.00109434   F1
0.05394673     0.00002557     0.00138243     0.00057396     0.00097468   F2
0.00399100     0.00002066     0.00132215     0.00048802     0.00399306     0.00006692   H0
0.01525730     0.00004508     0.00269821     0.00101076     0.00314769     0.00007187   H1
0.01176536     0.00003233     0.00197051     0.00081075     0.00100000     0.00007152   H2
1.19822548     0.00004496     0.00165312     0.00071874     0.00069638     0.00007544   N0
0.46549431     0.00006896     0.00167257     0.00063062     0.00078273     0.00007486   N1
2.04024177     0.00006089     0.00180191     0.00079420     0.00031332     0.00007601   N2
0.01608115     0.00003468     0.00196146     0.00071265     0.00086645   F0
0.01668016     0.00006726     0.00185373     0.00078005     0.00106231   F1
0.02099327     0.00003150     0.00152980     0.00064347     0.00082310   F2
0.00147660     0.00001342     0.00119609     0.00046201     0.00000000     0.00006687   H0
0.00813871     0.00005248     0.00217515     0.00087793     0.00163615     0.00007191   H1
0.00228129     0.00003795     0.00211280     0.00080588     0.00000000     0.00007143   H2
1.15592313     0.00001645     0.00087451     0.00035947     0.00067367     0.00007538   N0
0.49254542     0.00003247     0.00181815     0.00078734     0.00075158     0.00007489   N1
2.07361933     0.00003356     0.00160546     0.00072227     0.00097547     0.00007596   N2
0.02645390     0.00003747     0.00208473     0.00094934     0.00052156   F0
0.00806696     0.00001694     0.00116963     0.00042654     0.00090511   F1
0.04403123     0.00002476     0.00165300     0.00068516     0.00058485   F2
0.00826709     0.00003252     0.00151627     0.00059041     0.00399306     0.00006684   H0
0.00399350     0.00004710     0.00208203     0.00080885     0.00418619     0.00007194   H1
0.00121024     0.00003773     0.00186291     0.00072096     0.00999563     0.00007138   H2
1.15748286     0.00004381     0.00174871     0.00082485     0.00179438     0.00007548   N0
0.48847404     0.00003918     0.00189106     0.00073839     0.00086493     0.00007487   N1
1.99447234     0.00006545     0.00222586     0.00096298     0.00076463     0.00007605   N2
0.01646107     0.00001589     0.00149420     0.00072216     0.00124781   F0
0.00378865     0.00001553     0.00137471     0.00054836     0.00091942   F1
0.01782877     0.00004014     0.00170658     0.00073601     0.00045289   F2
0.00254031     0.00004754     0.00204060     0.00071784     0.00000000     0.00006687   H0
0.02054812     0.00002233     0.00155215     0.00062790     0.00229711     0.00007184   H1
0.00449530     0.00001649     0.00146980     0.00054822     0.00188889     0.00007140   H2
1.20604219     0.00001180     0.00109161     0.00047994     0.00140246     0.00007540   N0
0.49634631     0.00004560     0.00175661     0.00064769     0.00077904     0.00007489   N1
2.14208789     0.00007851     0.00152798     0.00064354     0.00116247     0.00007602   N2
0.02107816     0.00001810     0.00140743     0.00061338     0.00129466   F0
0.00857347     0.00003232     0.00119349     0.00045694     0.00028173   F1
0.07146627     0.00007718     0.00222647     0.00100522     0.00121646   F2
0.00339807     0.00003999     0.00174287     0.00065662     0.00232426     0.00006688   H0
0.00804655     0.00003683     0.00181746     0.00072108     0.00347547     0.00007187   H1
0.00241180     0.00003979     0.00189328     0.00072768     0.00896307     0.00007139   H2
1.20041089     0.00003685     0.00163245     0.00063796     0.00092949     0.00007546   N0
0.49642489     0.00007740     0.00271023     0.00131668     0.00172050     0.00007492   N1
2.07054445     0.00007667     0.00188345     0.00074132     0.00057304     0.00007606   N2
0.02973080     0.00003748     0.00207506     0.00088145     0.00096121   F0
0.01379800     0.00003960     0.00200575     0.00085434     0.00138861   F1
0.01264198     0.00003546     0.00200223     0.00101288     0.00099198   F2
0.00818486     0.00002286     0.00137993     0.00049065     0.00399306     0.00006686   H0
0.00147504     0.00004052     0.00183497     0.00072794     0.00281884     0.00007194   H1
0.00778773     0.00004875     0.00257759     0.00104742     0.00896220     0.00007130   H2
1.16390333     0.00002389     0.00160269     0.00065364     0.00183828     0.00007547   N0
0.49873275     0.00004850     0.00211662     0.00095703     0.00162908     0.00007488   N1
2.03552356     0.00003320     0.00170689     0.00081487     0.00036373     0.00007606   N2
0.01141097     0.00002424     0.00194246     0.00100636     0.00192212   F0
0.01461474     0.00004028     0.00213534     0.00080422     0.00129123   F1
0.00594856     0.00001568     0.00089983     0.00033411     0.00044973   F2
0.00911095     0.00004105     0.00239949     0.00088097     0.00399306     0.00006687   H0
0.00965059     0.00006862     0.00270830     0.00108245     0.00601753     0.00007201   H1
0.00251106     0.00001997     0.00131020     0.00064502     0.00867562     0.00007136   H2
1.15910648     0.00002112     0.00148263     0.00056200     0.00151704     0.00007547   N0
0.48137289     0.00001657     0.00104916     0.00041333     0.00065336     0.00007483   N1
1.99550550     0.00006803     0.00151043     0.00057304     0.00096907     0.00007605   N2
0.02227886     0.00002742     0.00178101     0.00075999     0.00063232   F0
0.01064753     0.00001499     0.00100828     0.00039668     0.00013292   F1
0.01793723     0.00006181     0.00248600     0.00116573     0.00094303   F2
0.00674153     0.00002446     0.00196713     0.00080906     0.00000000     0.00006691   H0
0.00483291     0.00002585     0.00174847     0.00067960     0.00083673     0.00007196   H1
0.00962654     0.00002796     0.00168705     0.00074122     0.00611111     0.00007136   H2
1.16757645     0.00004217     0.00213146     0.00086376     0.00090836     0.00007546   N0
0.48133175     0.00006059     0.00166065     0.00060950     0.00080443     0.00007486   N1
1.99439004     0.00007454     0.00188198     0.00080263     0.00067270     0.00007610   N2
0.00571805     0.00002337     0.00179907     0.00075320     0.00069648   F0
0.00272610     0.00005222     0.00177122     0.00060494     0.00030810   F1
0.04150270     0.00005062     0.00155359     0.00068161     0.00046401   F2
0.01594833     0.00003988     0.00221864     0.00100404     0.00000000     0.00006703   H0
0.00319141     0.00003157     0.00167895     0.00066215     0.00267235     0.00007198   H1
0.00909122     0.00002461     0.00163925     0.00058672     0.00553552     0.00007148   H2
1.17922921     0.00006795     0.00226372     0.00115213     0.00127498     0.00007546   N0
0.44846938     0.00004500     0.00149007     0.00056104     0.00186925     0.00007489   N1
1.99031870     0.00003739     0.00122974     0.00044919     0.00026976     0.00007605   N2
0.01177918     0.00005170     0.00271451     0.00121187     0.00192804   F0
0.03613455     0.00004791     0.00157338     0.00066590     0.00141107   F1
0.01611592     0.00002306     0.00129835     0.00059451     0.00066736   F2
0.00720937     0.00003999     0.00170633     0.00062672     0.00399306     0.00006688   H0
0.00576571     0.00002980     0.00148895     0.00063896     0.00393161     0.00007191   H1
0.00850943     0.00005403     0.00261160     0.00103945     0.00896220     0.00007130   H2
1.17259818     0.00001975     0.00149331     0.00063404     0.00141633     0.00007548   N0
0.50083225     0.00004830     0.00221973     0.00110711     0.00187963     0.00007489   N1
2.04944792     0.00002999     0.00155576     0.00072181     0.00047127     0.00007607   N2
0.01044590     0.00002083     0.00183225     0.00097564     0.00174906   F0
0.01562388     0.00003937     0.00204477     0.00083135     0.00145133   F1
0.01799094     0.00001239     0.00075213     0.00028339     0.00044689   F2
0.01353319     0.00003319     0.00218487     0.00086027     0.00670148     0.00006685   H0
0.00999753     0.00004888     0.00232203     0.00092069     0.00601753     0.00007200   H1
0.00142207     0.00003635     0.00203253     0.00080917     0.00867562     0.00007138   H2
1.14275487     0.00003174     0.00151125     0.00057756     0.00212703     0.00007545   N0
0.47680435     0.00003832     0.00144142     0.00060231     0.00073211     0.00007482   N1
1.98728956     0.00005288     0.00191043     0.00079530     0.00100014     0.00007604   N2
0.03841196     0.00001739     0.00124045     0.00053073     0.00093138   F0
0.01890868     0.00003094     0.00183007     0.00069457     0.00083130   F1
0.00753747     0.00003126     0.00174542     0.00074320     0.00059624   F2
0.01040062     0.00007183     0.00301203     0.00152187     0.00399306     0.00006697   H0
0.00809678     0.00002870     0.00157004     0.00065374     0.00491774     0.00007200   H1
0.00809818     0.00003569     0.00165752     0.00067445     0.00553552     0.00007146   H2
1.18490600     0.00003887     0.00210745     0.00107273     0.00155649     0.00007548   N0
0.46420781     0.00001736     0.00104596     0.00037655     0.00235859     0.00007486   N1
2.02211199     0.00001556     0.00092235     0.00038007     0.00043555     0.00007606   N2
0.01461698     0.00003722     0.00221806     0.00104415     0.00238435   F0
0.01907869     0.00003235     0.00200799     0.00074893     0.00094890   F1
0.01450292     0.00002849     0.00176737     0.00079426     0.00027200   F2
0.00510663     0.00002220     0.00192021     0.00083394     0.00000000     0.00006694   H0
0.00542970     0.00001622     0.00108254     0.00047303     0.00163615     0.00007197   H1
0.00159863     0.00001569     0.00118869     0.00045182     0.00000000     0.00007143   H2
1.17084181     0.00002868     0.00178637     0.00069653     0.00093398     0.00007545   N0
0.47997877     0.00006202     0.00187422     0.00063738     0.00042915     0.00007488   N1
1.99562598     0.00007254     0.00189082     0.00086284     0.00078195     0.00007609   N2
0.00614633     0.00002276     0.00167870     0.00065589     0.00078154   F0
0.00274109     0.00005140     0.00163076     0.00060933     0.00027317   F1
0.03545037     0.00004280     0.00166311     0.00066992     0.00071790   F2
0.00806165     0.00002659     0.00149132     0.00052860     0.00399306     0.00006686   H0
0.00263350     0.00003933     0.00177497     0.00074078     0.00393161     0.00007193   H1
0.00838149     0.00005258     0.00263160     0.00107543     0.00896220     0.00007130   H2
1.16605323     0.00001727     0.00129158     0.00053658     0.00148232     0.00007548   N0
0.49938402     0.00004566     0.00205060     0.00094589     0.00176638     0.00007488   N1
2.04100351     0.00003025     0.00168689     0.00081499     0.00032735     0.00007607   N2
0.00968519     0.00002119     0.00189596     0.00097923     0.00162095   F0
0.01348390     0.00004449     0.00220726     0.00088147     0.00130851   F1
0.01010832     0.00001577     0.00080456     0.00032021     0.00023357   F2
0.01036308     0.00003395     0.00168215     0.00062374     0.00442694     0.00006685   H0
0.00580249     0.00005833     0.00244016     0.00094446     0.00611701     0.00007195   H1
0.00297497     0.00003334     0.00162058     0.00062119     0.00544444     0.00007143   H2
1.15625893     0.00005516     0.00229390     0.00095042     0.00209811     0.00007549   N0
0.49197387     0.00003176     0.00166633     0.00062246     0.00069795     0.00007490   N1
2.01449201     0.00004913     0.00180586     0.00080556     0.00085297     0.00007605   N2
0.01870913     0.00002683     0.00198563     0.00100103     0.00201198   F0
0.00925046     0.00001457     0.00109181     0.00037897     0.00091431   F1
0.00861635     0.00004404     0.00191325     0.00080041     0.00045865   F2
0.00120112     0.00003974     0.00142572     0.00067396     0.00000000     0.00006686   H0
0.01015031     0.00003990     0.00187170     0.00072657     0.00173139     0.00007188   H1
0.00433742     0.00003990     0.00241280     0.00099181     0.00188889     0.00007145   H2
1.17045828     0.00002418     0.00137569     0.00058227     0.00077530     0.00007538   N0
0.49561143     0.00002010     0.00143341     0.00053531     0.00026173     0.00007493   N1
2.08512820     0.00003393     0.00145423     0.00069117     0.00050774     0.00007601   N2
0.02196393     0.00002661     0.00178305     0.00087045     0.00106226   F0
0.01441819     0.00001017     0.00098691     0.00036673     0.00033831   F1
0.03949363     0.00001151     0.00094582     0.00038794     0.00043929   F2
0.00327030     0.00004516     0.00212938     0.00088165     0.00232426     0.00006690   H0
0.00631972     0.00004866     0.00228830     0.00088519     0.00601753     0.00007200   H1
0.00088512     0.00001300     0.00104310     0.00042782     0.00544444     0.00007139   H2
1.17192169     0.00002393     0.00141495     0.00055378     0.00058537     0.00007545   N0
0.46726277     0.00001920     0.00104306     0.00039095     0.00127718     0.00007485   N1
2.01371486     0.00005271     0.00101644     0.00038853     0.00066191     0.00007603   N2
0.00970052     0.00001782     0.00152901     0.00056668     0.00055125   F0
0.02016253     0.00002423     0.00132820     0.00048377     0.00050606   F1
0.02189893     0.00005266     0.00213085     0.00099778     0.00065855   F2
0.00922723     0.00003474     0.00164748     0.00059146     0.00399306     0.00006686   H0
0.00432050     0.00003730     0.00173497     0.00074352     0.00393161     0.00007192   H1
0.00961503     0.00005629     0.00263160     0.00107101     0.00896220     0.00007129   H2
1.17209250     0.00001887     0.00145897     0.00059913     0.00144534     0.00007548   N0
0.50125548     0.00004262     0.00200466     0.00094770     0.00183021     0.00007488   N1
2.05596859     0.00003183     0.00169577     0.00079472     0.00038322     0.00007608   N2
0.01028496     0.00002095     0.00181194     0.00093661     0.00175717   F0
0.01539207     0.00003743     0.00193421     0.00076922     0.00130484   F1
0.02293810     0.00001539     0.00073270     0.00029235     0.00044689   F2
0.00239983     0.00001775     0.00124788     0.00043959     0.00000000     0.00006686   H0
0.00880409     0.00005896     0.00229245     0.00101464     0.00163615     0.00007200   H1
0.00185240     0.00003473     0.00213822     0.00090124     0.00000000     0.00007146   H2
1.16430422     0.00001680     0.00137080     0.00059761     0.00108215     0.00007540   N0
0.50207112     0.00004769     0.00213342     0.00101835     0.00103237     0.00007491   N1
2.03069605     0.00003477     0.00151548     0.00071951     0.00098079     0.00007599   N2
0.01442170     0.00004308     0.00183845     0.00074680     0.00081324   F0
0.01988212     0.00002601     0.00160300     0.00063764     0.00115375   F1
0.01428497     0.00002400     0.00150141     0.00079555     0.00065659   F2
0.00820865     0.00002235     0.00140440     0.00052934     0.00399306     0.00006685   H0
0.00594690     0.00005684     0.00252016     0.00094828     0.00432797     0.00007195   H1
0.00298860     0.00003876     0.00193253     0.00077887     0.00852158     0.00007134   H2
1.15903572     0.00003783     0.00168208     0.00077206     0.00161439     0.00007549   N0
0.49345324     0.00004642     0.00184128     0.00073747     0.00086458     0.00007487   N1
1.99368993     0.00007359     0.00242586     0.00110950     0.00093181     0.00007603   N2
0.01449301     0.00001328     0.00128117     0.00054963     0.00099829   F0
0.00828844     0.00002698     0.00174771     0.00060784     0.00107488   F1
0.01737220     0.00003169     0.00151209     0.00061159     0.00041873   F2
0.00762455     0.00006388     0.00219939     0.00082265     0.00399306     0.00006688   H0
0.00280206     0.00002637     0.00169526     0.00063839     0.00185409     0.00007190   H1
0.00494134     0.00004796     0.00249380     0.00100122     0.00896307     0.00007135   H2
1.18904467     0.00002580     0.00130518     0.00047444     0.00082605     0.00007549   N0
0.49537479     0.00006695     0.00294190     0.00148071     0.00256609     0.00007491   N1
2.05358017     0.00005327     0.00172343     0.00070858     0.00059668     0.00007605   N2
0.02465058     0.00003197     0.00207388     0.00095564     0.00092264   F0
0.01633871     0.00004817     0.00218781     0.00103614     0.00214843   F1
0.01550250     0.00002354     0.00110630     0.00047587     0.00060452   F2
0.01221321     0.00002370     0.00155992     0.00071237     0.00000000     0.00006701   H0
0.00773377     0.00003204     0.00160497     0.00067543     0.00223460     0.00007201   H1
0.01035633     0.00002524     0.00150622     0.00060266     0.00553552     0.00007149   H2
1.17605414     0.00007350     0.00226849     0.00117904     0.00111698     0.00007546   N0
0.45348576     0.00004030     0.00137736     0.00050925     0.00181491     0.00007489   N1
2.00606880     0.00006269     0.00170929     0.00069824     0.00060545     0.00007609   N2
0.00952527     0.00004116     0.00243979     0.00102558     0.00157849   F0
0.03112067     0.00004631     0.00172006     0.00065722     0.00139771   F1
0.00273960     0.00002650     0.00111053     0.00046380     0.00077680   F2
0.00208180     0.00001236     0.00107679     0.00042530     0.00399306     0.00006695   H0
0.00484652     0.00002057     0.00150268     0.00055464     0.00249533     0.00007196   H1
0.00424798     0.00002178     0.00144317     0.00051113     0.00000000     0.00007149   H2
1.20543325     0.00004062     0.00161856     0.00060610     0.00036381     0.00007552   N0
0.48549839     0.00004651     0.00213268     0.00078641     0.00095588     0.00007489   N1
2.00871995     0.00007990     0.00209086     0.00092881     0.00083156     0.00007611   N2
0.03863664     0.00003190     0.00170918     0.00062860     0.00069254   F0
0.00587693     0.00004711     0.00215616     0.00078826     0.00178287   F1
0.02739085     0.00003248     0.00196107     0.00091825     0.00114759   F2
0.00522444     0.00006777     0.00233316     0.00085515     0.00212665     0.00006689   H0
0.00990694     0.00003273     0.00179699     0.00071643     0.00285442     0.00007187   H1
0.00422342     0.00005223     0.00241333     0.00093683     0.00896307     0.00007138   H2
1.19295804     0.00002765     0.00118562     0.00045768     0.00083991     0.00007547   N0
0.49531750     0.00005985     0.00271161     0.00138860     0.00224438     0.00007493   N1
2.06212207     0.00004467     0.00157955     0.00072008     0.00073508     0.00007606   N2
0.02556689     0.00003448     0.00202235     0.00083919     0.00072156   F0
0.01677695     0.00004333     0.00207882     0.00098411     0.00208634   F1
0.01637500     0.00001897     0.00130608     0.00062245     0.00083913   F2
0.00258185     0.00006258     0.00248745     0.00088524     0.00000000     0.00006688   H0
0.01552544     0.00003269     0.00197327     0.00074197     0.00442612     0.00007184   H1
0.00337423     0.00003604     0.00182873     0.00068061     0.00139001     0.00007137   H2
1.19687219     0.00004376     0.00170523     0.00070583     0.00137952     0.00007544   N0
0.48924593     0.00005219     0.00239813     0.00113539     0.00156614     0.00007493   N1
2.08553924     0.00007389     0.00171957     0.00071464     0.00123660     0.00007604   N2
0.02296513     0.00003618     0.00173236     0.00068070     0.00105405   F0
0.00864196     0.00004036     0.00184910     0.00073638     0.00119828   F1
0.02610519     0.00005337     0.00263776     0.00137400     0.00140332   F2
0.00924337     0.00002151     0.00138346     0.00047937     0.00399306     0.00006687   H0
0.00435658     0.00006174     0.00251497     0.00091744     0.00611701     0.00007194   H1
0.00310382     0.00004263     0.00218058     0.00086198     0.00896220     0.00007137   H2
1.16459447     0.00003560     0.00190021     0.00077571     0.00203305     0.00007547   N0
0.49397258     0.00004445     0.00202097     0.00083250     0.00100080     0.00007487   N1
2.02661585     0.00004317     0.00151051     0.00067821     0.00069201     0.00007604   N2
0.01210453     0.00002387     0.00193993     0.00098803     0.00166609   F0
0.00717628     0.00003514     0.00179231     0.00074060     0.00109845   F1
0.00450879     0.00002782     0.00127927     0.00052306     0.00033009   F2
0.00564174     0.00001472     0.00139147     0.00060993     0.00000000     0.00006701   H0
0.00965813     0.00003673     0.00156178     0.00071259     0.00163615     0.00007201   H1
0.01184689     0.00002463     0.00168923     0.00060609     0.00220924     0.00007152   H2
1.18082438     0.00006717     0.00232785     0.00104975     0.00102096     0.00007547   N0
0.45574505     0.00005107     0.00127754     0.00054302     0.00127718     0.00007488   N1
2.00671191     0.00004220     0.00147324     0.00060177     0.00061345     0.00007610   N2
0.01077846     0.00003540     0.00220998     0.00088990     0.00141311   F0
0.03132040     0.00003907     0.00122951     0.00055550     0.00135627   F1
0.00494967     0.00002118     0.00128933     0.00048584     0.00061016   F2
0.00875710     0.00004570     0.00215527     0.00081811     0.00399306     0.00006687   H0
0.00740341     0.00001641     0.00151153     0.00053012     0.00163615     0.00007189   H1
0.00534599     0.00006278     0.00253758     0.00107697     0.00896220     0.00007134   H2
1.17594724     0.00002649     0.00122840     0.00048476     0.00096730     0.00007549   N0
0.49951585     0.00007688     0.00309785     0.00149122     0.00279144     0.00007490   N1
2.05194160     0.00003251     0.00170792     0.00078060     0.00080010     0.00007605   N2
0.01231641     0.00002311     0.00173767     0.00079737     0.00070786   F0
0.01878460     0.00005496     0.00217923     0.00105487     0.00216164   F1
0.02021196     0.00002074     0.00121860     0.00054159     0.00089308   F2
0.01428455     0.00003551     0.00211821     0.00075507     0.00670148     0.00006681   H0
0.00572519     0.00004876     0.00222435     0.00089716     0.00601753     0.00007197   H1
0.00152581     0.00004509     0.00239253     0.00090813     0.00896220     0.00007137   H2
1.15193724     0.00002606     0.00134617     0.00056298     0.00184065     0.00007546   N0
0.47755084     0.00004112     0.00170049     0.00072817     0.00071831     0.00007483   N1
1.98547984     0.00006272     0.00215043     0.00090628     0.00107333     0.00007602   N2
0.02776838     0.00001293     0.00113642     0.00047866     0.00093430   F0
0.01505432     0.00003279     0.00172503     0.00069137     0.00090644   F1
0.01408456     0.00003119     0.00162496     0.00070972     0.00094197   F2
0.00477698     0.00004995     0.00223930     0.00099535     0.00212665     0.00006691   H0
0.00529685     0.00004555     0.00212830     0.00085937     0.00601753     0.00007198   H1
0.00135467     0.00001850     0.00129173     0.00051001     0.00544444     0.00007140   H2
1.17120854     0.00002194     0.00158932     0.00062994     0.00064640     0.00007546   N0
0.46724750     0.00001946     0.00109106     0.00040965     0.00123020     0.00007485   N1
2.02509878     0.00004189     0.00093392     0.00034224     0.00057945     0.00007603   N2
0.01327137     0.00001957     0.00178156     0.00071781     0.00074002   F0
0.01917357     0.00003212     0.00147449     0.00056548     0.00040447   F1
0.02830260     0.00004963     0.00224993     0.00106846     0.00066190   F2
0.01174685     0.00002462     0.00152065     0.00072335     0.00000000     0.00006702   H0
0.00790100     0.00003295     0.00162497     0.00068407     0.00267235     0.00007202   H1
0.01074415     0.00002452     0.00148663     0.00060888     0.00553552     0.00007150   H2
1.17440948     0.00007290     0.00232908     0.00116626     0.00107126     0.00007545   N0
0.45433784     0.00003780     0.00133696     0.00050231     0.00181491     0.00007489   N1
2.00615381     0.00006435     0.00173093     0.00071290     0.00065247     0.00007609   N2
0.00938010     0.00003866     0.00239978     0.00103241     0.00162128   F0
0.02966715     0.00004130     0.00153794     0.00060019     0.00140493   F1
0.00358886     0.00002648     0.00107823     0.00044119     0.00085527   F2
0.00653594     0.00003884     0.00203646     0.00082756     0.00000000     0.00006689   H0
0.00461357     0.00001532     0.00154336     0.00074175     0.00505533     0.00007195   H1
0.00529199     0.00004422     0.00205976     0.00073789     0.00611111     0.00007139   H2
1.18804743     0.00003035     0.00206145     0.00121305     0.00129739     0.00007546   N0
0.48481742     0.00004451     0.00195372     0.00087229     0.00123433     0.00007484   N1
1.98395788     0.00006833     0.00208922     0.00081429     0.00069062     0.00007602   N2
0.02211792     0.00002605     0.00216045     0.00102360     0.00193935   F0
0.00564243     0.00003537     0.00174596     0.00066716     0.00141204   F1
0.06045354     0.00004002     0.00169722     0.00075561     0.00112921   F2
0.00458146     0.00005137     0.00231004     0.00100583     0.00212665     0.00006691   H0
0.00555695     0.00004476     0.00214830     0.00086623     0.00601753     0.00007199   H1
0.00164799     0.00001792     0.00128312     0.00050757     0.00544444     0.00007140   H2
1.17042080     0.00002239     0.00161693     0.00063831     0.00064640     0.00007546   N0
0.46602779     0.00001914     0.00105607     0.00040421     0.00136583     0.00007485   N1
2.02099934     0.00004450     0.00097393     0.00035631     0.00059168     0.00007603   N2
0.01434989     0.00001973     0.00177075     0.00071944     0.00079323   F0
0.02116613     0.00003385     0.00155059     0.00058376     0.00051732   F1
0.02604921     0.00005155     0.00229030     0.00108272     0.00066190   F2
