10/30/2010 4:15:17 PM  N1=500  N2=250  t=250  NA=10000
locus M_A_1  <A>
locus M_A_2  <A>
locus M_A_3  <A>
locus M_A_4  <A>
locus M_A_5  <A>
locus M_A_6  <A>
locus M_A_7  <A>
locus M_A_8  <A>
locus M_A_9  <A>
locus M_A_10  <A>
POP
  1-001 ,    186186   194190   182186   186182   188188   184204   194192   182184   184184   186186
  1-002 ,    186186   174174   188188   186178   196186   204204   188194   184182   184182   182182
  1-003 ,    186186   190174   182186   186186   186188   204212   190188   172190   184184   184182
  1-004 ,    186186   192174   186182   188188   186180   200212   186186   180180   190182   182182
  1-005 ,    184186   192176   186180   188180   186188   184204   186194   184184   186186   182178
  1-006 ,    186186   174190   186182   186186   188180   206184   190188   180184   190184   184184
  1-007 ,    186186   188192   188188   186178   186188   200200   192192   182182   188188   186188
  1-008 ,    184186   192196   182194   184178   180188   204212   194194   172182   184184   184186
  1-009 ,    186188   174196   188188   186186   192188   204212   188194   172182   184188   184186
  1-010 ,    184186   196192   186194   186186   188186   212204   186190   184184   184186   184186
  1-011 ,    186186   194196   188182   188180   188188   200184   194186   184184   182188   182184
  1-012 ,    186188   174192   182182   188186   186198   204184   194192   180180   184184   182186
  1-013 ,    186186   174194   186188   186186   188180   212204   186190   184172   186182   182188
  1-014 ,    186184   196174   186186   186188   188198   208204   188188   184180   186182   186186
  1-015 ,    186186   196174   188188   186184   180188   212204   190194   182172   182182   186184
  1-016 ,    186186   194196   182182   186186   186186   184200   188190   184184   188188   182188
  1-017 ,    186186   194192   188182   182186   186198   184204   190186   184180   188182   186184
  1-018 ,    186186   198192   188182   180186   186188   200200   186186   184172   186186   182182
  1-019 ,    186186   196194   188182   186186   188188   212204   192190   190176   182184   186182
  1-020 ,    186186   174194   194180   186182   180188   184204   192194   184172   184190   182182
  1-021 ,    186186   192194   186182   186184   188186   200204   186188   176184   184184   178184
  1-022 ,    186186   192174   182182   186184   188188   200184   188188   184172   184186   184184
  1-023 ,    186186   198192   186186   186186   186198   204204   192190   172172   184184   184188
  1-024 ,    186186   176196   182182   188186   188188   200184   188188   180184   182184   184182
  1-025 ,    184186   192174   182188   182186   188186   204204   188194   182182   188188   186182
  1-026 ,    186186   196190   182182   188186   198186   204204   192188   184182   184184   186188
  1-027 ,    186186   192174   188186   186186   186186   204204   192188   184184   184184   188184
  1-028 ,    186186   196174   188182   188186   188180   200204   192192   180172   184184   186182
  1-029 ,    186186   194174   180188   186178   198188   200204   188192   178172   184184   186186
  1-030 ,    186186   198196   182194   186186   188180   184200   194194   184184   186184   182184
  1-031 ,    186186   192192   188188   186186   180188   184204   192186   184184   182188   182186
  1-032 ,    186186   174192   182182   188186   186188   200212   186188   182184   184182   184184
  1-033 ,    186186   194192   182194   188186   188190   204184   188186   180184   184194   178184
  1-034 ,    186186   192194   194186   186186   196188   200204   190188   180172   184182   184178
  1-035 ,    186186   190192   188182   188186   186188   184204   192194   172184   190186   178186
  1-036 ,    186186   176174   182194   186188   180188   200204   194188   184184   184188   184184
  1-037 ,    186186   176196   188182   186186   192188   204184   194194   172182   182188   182186
  1-038 ,    186186   194174   194194   188188   180188   212184   194190   180190   184184   186184
  1-039 ,    186184   192174   182182   178186   186188   204184   194192   184180   184186   184182
  1-040 ,    186186   190174   186188   178186   180188   184200   192194   184184   184186   184182
  1-041 ,    186186   174174   182182   188186   186188   184204   186190   184176   184182   184184
  1-042 ,    186186   194174   188188   186184   188186   200200   186194   182180   184184   184186
  1-043 ,    186186   198194   186188   180186   186198   204204   186192   182184   182184   182182
  1-044 ,    186186   192174   194182   186186   180188   184204   194192   176172   184182   184186
  1-045 ,    186184   192192   188182   178186   188188   204204   190188   182180   182188   186184
  1-046 ,    186186   174192   182188   182178   186180   200204   190194   184180   184184   186184
  1-047 ,    186186   194176   186194   186178   188186   200204   186192   184172   188182   182184
  1-048 ,    186186   196192   188182   186186   186186   204204   192192   172180   182184   186184
  1-049 ,    184186   198196   188186   188186   192186   200204   188190   172180   184184   184186
  1-050 ,    184186   196194   182188   178186   180188   204184   186192   184172   184188   184184
POP
  2-001 ,    182184   196174   184184   188188   194194   202202   188194   182182   186192   178182
  2-002 ,    184184   194196   184184   186186   198198   182184   194192   174174   184186   182182
  2-003 ,    184182   174174   186184   186186   198194   210200   194188   174182   184186   182178
  2-004 ,    182184   194192   186186   186186   194194   184182   194188   178174   184186   182182
  2-005 ,    182180   196194   184184   188188   194194   202182   192188   182174   190186   182182
  2-006 ,    184184   194174   184186   186188   194194   184182   190188   174182   190190   182178
  2-007 ,    180182   174192   184186   186190   194194   202202   194190   178172   190186   182178
  2-008 ,    182184   194194   186186   186186   194194   184202   190194   184182   184186   182182
  2-009 ,    184184   174194   184184   188190   194198   182202   188194   174174   184184   176178
  2-010 ,    184180   174174   184186   186188   198198   202202   194194   182174   184190   182176
  2-011 ,    180182   174194   184182   188186   194194   210202   194188   182174   186190   182182
  2-012 ,    180182   194194   184186   190186   194194   202184   194192   184182   186190   178178
  2-013 ,    184184   194194   184186   186190   198194   202202   188194   184182   186184   182178
  2-014 ,    184182   194174   184184   186188   198194   202184   194190   174184   186184   182178
  2-015 ,    182182   196174   184186   186186   194194   202202   194194   182170   184186   186182
  2-016 ,    184182   174194   184184   190190   194194   186186   194194   184182   190186   178182
  2-017 ,    184182   174194   184184   186186   194194   184202   190194   186182   192184   182178
  2-018 ,    184184   174174   186184   186190   194198   202202   194190   174172   186192   186182
  2-019 ,    184184   174192   184184   186188   198194   202184   194194   182174   190186   178182
  2-020 ,    184182   194174   184186   186188   194194   186202   190194   172178   184192   178182
  2-021 ,    184182   194194   184184   188190   198194   202214   194188   170182   186184   178182
  2-022 ,    180182   194174   186186   186186   194194   182214   194188   184182   192184   178176
  2-023 ,    182180   194194   186186   186186   194194   202202   194188   172182   190184   182176
  2-024 ,    182182   194174   184184   186188   198194   202202   194190   174178   186186   182182
  2-025 ,    182182   192194   184184   188188   194194   202202   190194   178172   186184   178178
  2-026 ,    182182   174174   186184   188186   194198   202202   190188   174174   190190   182182
  2-027 ,    180184   174174   184184   186186   194194   202202   188194   174172   182184   182182
  2-028 ,    184182   174194   184184   190186   194194   186184   192192   172184   184186   178182
  2-029 ,    184182   192194   186186   186188   194198   202202   194192   174174   192186   178178
  2-030 ,    182184   174192   186186   188188   198198   202184   190188   174172   186186   178182
  2-031 ,    184182   174174   186184   188186   194198   184202   188188   174174   186190   178182
  2-032 ,    182184   194194   184184   188188   194194   202202   194194   172172   190184   182178
  2-033 ,    182184   176174   186184   188188   194198   182202   192194   174174   186184   182182
  2-034 ,    180182   174174   186184   186190   198190   204202   194194   174174   186186   178182
  2-035 ,    182182   174174   184184   186188   198194   182184   188190   182174   186186   182182
  2-036 ,    180182   192174   184184   188186   194194   202202   194194   172174   186184   176182
  2-037 ,    182184   196194   186184   186188   194194   202202   194188   182174   190192   182182
  2-038 ,    184180   194174   184184   186188   196194   202214   194188   184174   186186   182182
  2-039 ,    182184   174194   184184   186186   194194   202184   190188   182172   192192   182182
  2-040 ,    182182   194174   184184   188186   198198   210214   188188   178182   184192   182178
  2-041 ,    184184   196194   184184   186188   194194   210184   194194   182172   186186   182182
  2-042 ,    182184   174174   186184   188188   194194   184184   194194   184182   186190   178186
  2-043 ,    182184   194192   184184   188188   198198   202202   194194   174182   184184   178182
  2-044 ,    184182   194194   184184   190186   196198   214202   190188   184174   190186   182182
  2-045 ,    182182   194194   186186   188186   198196   210202   194192   174174   190186   182178
  2-046 ,    182182   194192   184186   186186   194194   202202   192192   182174   184184   182178
  2-047 ,    182182   174174   184186   188188   194194   182182   190190   172174   190190   182178
  2-048 ,    182182   194194   184184   186188   194198   202184   188194   174172   190184   178182
  2-049 ,    182182   194194   186184   186186   190194   184182   194194   184182   186190   182182
  2-050 ,    184182   174174   184184   188186   194198   202214   194194   182172   184186   178182
